[gd_scene load_steps=38 format=3 uid="uid://d0ovvba58xass"]

[ext_resource type="Script" path="res://Scripts/UI.gd" id="1_37ngr"]
[ext_resource type="PackedScene" uid="uid://8qgn1a7jh68g" path="res://Scenes/Crafting/Crafting.tscn" id="4_im4ls"]
[ext_resource type="PackedScene" uid="uid://djakcq3842744" path="res://Scenes/player.tscn" id="5_ns258"]
[ext_resource type="PackedScene" uid="uid://d2fll6ci5q1na" path="res://Scenes/axe.tscn" id="7_fa15g"]
[ext_resource type="Script" path="res://Scripts/Inventory/inventory_data.gd" id="8_onort"]
[ext_resource type="PackedScene" uid="uid://ijs7cud7o2kq" path="res://Scenes/tree.tscn" id="8_qksp1"]
[ext_resource type="Texture2D" uid="uid://ce7fp5oux0rjg" path="res://Assets/Models/props/survival-all_sleeping_bag.png" id="9_ap0xq"]
[ext_resource type="Resource" uid="uid://d4is63h36pjxc" path="res://Resources/Items/axe.tres" id="9_vvc5m"]
[ext_resource type="Script" path="res://Scripts/Inventory/slot_data.gd" id="10_xvf67"]
[ext_resource type="Resource" uid="uid://ccsledwqepd2n" path="res://Resources/Items/lumber.tres" id="11_5akwd"]
[ext_resource type="PackedScene" uid="uid://dej1gja05aqfu" path="res://Scenes/tent.tscn" id="12_7kmaf"]
[ext_resource type="PackedScene" uid="uid://dm3yj0c1kuwfu" path="res://Scenes/plant1.tscn" id="13_b81va"]
[ext_resource type="PackedScene" uid="uid://b28pvxf66d7sd" path="res://Scenes/Inventory/Inventory.tscn" id="14_6ctuc"]
[ext_resource type="PackedScene" uid="uid://c5gpkagi1c6i8" path="res://Scenes/plant2.tscn" id="14_g62n7"]
[ext_resource type="Script" path="res://Scripts/Inventory/InventoryInterface.gd" id="14_sjerb"]
[ext_resource type="PackedScene" uid="uid://mp3o0fln7yat" path="res://Scenes/lantern.tscn" id="17_iln2c"]
[ext_resource type="Script" path="res://addons/zylann.hterrain/hterrain.gd" id="18_fevhn"]
[ext_resource type="Resource" path="res://terrain/data.hterrain" id="19_c4d8q"]
[ext_resource type="Script" path="res://addons/zylann.hterrain/hterrain_texture_set.gd" id="20_kbkgm"]
[ext_resource type="Texture2D" uid="uid://bx5kvmw1a4v3a" path="res://Assets/Textures/main_slot0_albedo_bump.png" id="21_07pev"]
[ext_resource type="Texture2D" uid="uid://d054430uqou52" path="res://Assets/Textures/main_slot1_albedo_bump.png" id="22_a03jm"]
[ext_resource type="Texture2D" uid="uid://gs8qmdlrxxdq" path="res://Assets/Textures/main_slot0_normal_roughness.png" id="22_dgr3h"]
[ext_resource type="Texture2D" uid="uid://baa005w7xvitn" path="res://Assets/Textures/main_slot2_albedo_bump.png" id="23_j8yui"]
[ext_resource type="Texture2D" uid="uid://ckpo3svc8fblt" path="res://Assets/Textures/main_slot3_albedo_bump.png" id="24_any3l"]
[ext_resource type="Texture2D" uid="uid://dw2g6p3t7rk0" path="res://Assets/Textures/main_slot1_normal_roughness.png" id="26_n6eah"]
[ext_resource type="Texture2D" uid="uid://cxqatahdciqkg" path="res://Assets/Textures/main_slot2_normal_roughness.png" id="27_8h3r3"]
[ext_resource type="Texture2D" uid="uid://bybivybji6bl6" path="res://Assets/Textures/main_slot3_normal_roughness.png" id="28_otc1c"]

[sub_resource type="ProceduralSkyMaterial" id="ProceduralSkyMaterial_gxnhk"]
sky_top_color = Color(0.145098, 0.211765, 0.419608, 1)
sky_horizon_color = Color(0.34902, 0.376471, 0.505882, 1)
sky_cover_modulate = Color(0.203922, 0.203922, 0.203922, 1)

[sub_resource type="Sky" id="Sky_rfyi8"]
sky_material = SubResource("ProceduralSkyMaterial_gxnhk")

[sub_resource type="Environment" id="Environment_odrh6"]
background_energy_multiplier = 1.44
sky = SubResource("Sky_rfyi8")
tonemap_mode = 2
glow_enabled = true

[sub_resource type="Resource" id="Resource_w1k8t"]
script = ExtResource("20_kbkgm")
mode = 0
textures = [[ExtResource("21_07pev"), ExtResource("22_a03jm"), ExtResource("23_j8yui"), ExtResource("24_any3l")], [ExtResource("22_dgr3h"), ExtResource("26_n6eah"), ExtResource("27_8h3r3"), ExtResource("28_otc1c")]]

[sub_resource type="Resource" id="Resource_f7rtt"]
script = ExtResource("10_xvf67")
item_data = ExtResource("9_vvc5m")
quantity = 1

[sub_resource type="Resource" id="Resource_6hiiy"]
script = ExtResource("10_xvf67")
item_data = ExtResource("11_5akwd")
quantity = 10

[sub_resource type="Resource" id="Resource_t4a26"]
script = ExtResource("8_onort")
slot_data = Array[ExtResource("10_xvf67")]([SubResource("Resource_f7rtt"), SubResource("Resource_6hiiy"), null, null, null, null, null, null, null, null])

[sub_resource type="StandardMaterial3D" id="StandardMaterial3D_53cd5"]
resource_name = "sleeping_bag"
transparency = 4
cull_mode = 2
albedo_texture = ExtResource("9_ap0xq")

[sub_resource type="ArrayMesh" id="ArrayMesh_k22sp"]
_surfaces = [{
"aabb": AABB(-5.61851, -0.340434, -2.47087, 10.5532, 0.977422, 4.96216),
"format": 34896613377,
"index_count": 228,
"index_data": PackedByteArray(25, 0, 33, 0, 20, 0, 25, 0, 37, 0, 33, 0, 11, 0, 20, 0, 19, 0, 11, 0, 8, 0, 20, 0, 14, 0, 7, 0, 2, 0, 14, 0, 16, 0, 7, 0, 9, 0, 15, 0, 21, 0, 9, 0, 0, 0, 15, 0, 5, 0, 18, 0, 17, 0, 5, 0, 10, 0, 18, 0, 15, 0, 24, 0, 21, 0, 27, 0, 3, 0, 22, 0, 15, 0, 27, 0, 24, 0, 27, 0, 15, 0, 3, 0, 22, 0, 39, 0, 27, 0, 22, 0, 34, 0, 39, 0, 18, 0, 6, 0, 17, 0, 23, 0, 18, 0, 13, 0, 6, 0, 18, 0, 23, 0, 1, 0, 5, 0, 4, 0, 5, 0, 11, 0, 10, 0, 11, 0, 9, 0, 8, 0, 9, 0, 1, 0, 0, 0, 1, 0, 11, 0, 5, 0, 11, 0, 1, 0, 9, 0, 15, 0, 2, 0, 3, 0, 15, 0, 14, 0, 2, 0, 17, 0, 4, 0, 5, 0, 17, 0, 16, 0, 4, 0, 19, 0, 10, 0, 11, 0, 19, 0, 18, 0, 10, 0, 25, 0, 9, 0, 21, 0, 9, 0, 20, 0, 8, 0, 9, 0, 25, 0, 20, 0, 0, 0, 14, 0, 15, 0, 0, 0, 1, 0, 14, 0, 6, 0, 16, 0, 17, 0, 6, 0, 7, 0, 16, 0, 12, 0, 18, 0, 19, 0, 12, 0, 13, 0, 18, 0, 12, 0, 28, 0, 13, 0, 12, 0, 29, 0, 28, 0, 1, 0, 16, 0, 14, 0, 1, 0, 4, 0, 16, 0, 31, 0, 28, 0, 29, 0, 28, 0, 38, 0, 35, 0, 38, 0, 32, 0, 34, 0, 31, 0, 38, 0, 28, 0, 38, 0, 31, 0, 32, 0, 3, 0, 26, 0, 22, 0, 26, 0, 6, 0, 23, 0, 6, 0, 2, 0, 7, 0, 2, 0, 26, 0, 3, 0, 26, 0, 2, 0, 6, 0, 20, 0, 30, 0, 19, 0, 20, 0, 33, 0, 30, 0, 25, 0, 21, 0, 24, 0, 30, 0, 33, 0, 29, 0, 29, 0, 33, 0, 31, 0, 31, 0, 36, 0, 32, 0, 36, 0, 33, 0, 37, 0, 36, 0, 31, 0, 33, 0, 34, 0, 36, 0, 39, 0, 34, 0, 32, 0, 36, 0, 19, 0, 30, 0, 12, 0, 12, 0, 30, 0, 29, 0, 27, 0, 36, 0, 24, 0, 27, 0, 39, 0, 36, 0, 23, 0, 38, 0, 26, 0, 23, 0, 35, 0, 38, 0, 13, 0, 35, 0, 23, 0, 13, 0, 28, 0, 35, 0, 24, 0, 37, 0, 25, 0, 24, 0, 36, 0, 37, 0, 26, 0, 34, 0, 22, 0, 26, 0, 38, 0, 34, 0),
"lods": [1.10726, PackedByteArray(25, 0, 33, 0, 20, 0, 25, 0, 37, 0, 33, 0, 36, 0, 33, 0, 37, 0, 36, 0, 32, 0, 33, 0, 38, 0, 32, 0, 34, 0, 32, 0, 38, 0, 18, 0, 18, 0, 38, 0, 35, 0, 18, 0, 33, 0, 32, 0, 18, 0, 35, 0, 23, 0, 17, 0, 18, 0, 23, 0, 34, 0, 32, 0, 36, 0, 34, 0, 36, 0, 39, 0, 27, 0, 15, 0, 22, 0, 22, 0, 39, 0, 27, 0, 22, 0, 34, 0, 39, 0, 27, 0, 39, 0, 36, 0, 27, 0, 36, 0, 24, 0, 15, 0, 27, 0, 24, 0, 15, 0, 26, 0, 22, 0, 26, 0, 34, 0, 22, 0, 26, 0, 38, 0, 34, 0, 26, 0, 15, 0, 17, 0, 26, 0, 17, 0, 23, 0, 23, 0, 38, 0, 26, 0, 23, 0, 35, 0, 38, 0, 25, 0, 15, 0, 24, 0, 24, 0, 37, 0, 25, 0, 24, 0, 36, 0, 37, 0, 15, 0, 18, 0, 17, 0, 18, 0, 15, 0, 20, 0, 25, 0, 20, 0, 15, 0, 20, 0, 33, 0, 18, 0)],
"name": "sleeping_bag",
"primitive": 3,
"uv_scale": Vector4(0, 0, 0, 0),
"vertex_count": 40,
"vertex_data": PackedByteArray(196, 21, 0, 0, 56, 238, 0, 0, 34, 11, 0, 0, 211, 218, 0, 0, 34, 11, 190, 193, 210, 218, 0, 0, 197, 21, 190, 193, 56, 238, 0, 0, 34, 11, 0, 0, 43, 37, 0, 0, 196, 21, 0, 0, 198, 17, 0, 0, 197, 21, 190, 193, 198, 17, 0, 0, 34, 11, 190, 193, 44, 37, 0, 0, 250, 249, 0, 0, 211, 218, 0, 0, 87, 239, 0, 0, 56, 238, 0, 0, 87, 239, 0, 0, 198, 17, 0, 0, 250, 249, 0, 0, 43, 37, 0, 0, 180, 253, 190, 193, 44, 37, 0, 0, 17, 243, 190, 193, 198, 17, 0, 0, 0, 0, 53, 98, 153, 236, 0, 0, 162, 10, 53, 98, 255, 255, 0, 0, 0, 0, 53, 98, 101, 19, 0, 0, 162, 10, 53, 98, 0, 0, 0, 0, 236, 244, 53, 98, 0, 0, 0, 0, 143, 255, 53, 98, 101, 19, 0, 0, 143, 255, 53, 98, 153, 236, 0, 0, 236, 244, 53, 98, 255, 255, 0, 0, 244, 153, 190, 193, 157, 130, 0, 0, 28, 156, 190, 193, 198, 17, 0, 0, 78, 240, 154, 105, 82, 244, 0, 0, 220, 249, 53, 98, 254, 246, 0, 0, 95, 155, 190, 193, 35, 114, 0, 0, 43, 148, 196, 153, 198, 218, 0, 0, 36, 241, 255, 255, 120, 38, 0, 0, 199, 251, 254, 255, 222, 57, 0, 0, 255, 255, 117, 160, 63, 20, 0, 0, 84, 196, 254, 255, 149, 86, 0, 0, 177, 185, 254, 255, 251, 105, 0, 0, 255, 255, 117, 160, 115, 237, 0, 0, 219, 159, 254, 255, 119, 131, 0, 0, 3, 162, 255, 255, 120, 38, 0, 0, 190, 240, 218, 167, 166, 234, 0, 0, 75, 250, 117, 160, 82, 237, 0, 0, 69, 161, 254, 255, 253, 114, 0, 0, 17, 154, 5, 216, 26, 209, 0, 0)
}]
blend_shape_mode = 0

[sub_resource type="ArrayMesh" id="ArrayMesh_vhjv3"]
resource_name = "survival-all_sleeping_bag"
_surfaces = [{
"aabb": AABB(-5.61851, -0.340434, -2.47087, 10.5532, 0.977422, 4.96216),
"attribute_data": PackedByteArray(20, 224, 148, 52, 110, 216, 54, 43, 21, 25, 246, 13, 245, 16, 191, 23, 198, 142, 235, 42, 32, 135, 63, 52, 54, 112, 17, 24, 243, 103, 11, 14, 110, 211, 177, 241, 247, 218, 103, 233, 55, 136, 78, 237, 177, 144, 163, 245, 65, 97, 148, 240, 101, 111, 180, 236, 198, 15, 27, 1, 116, 225, 103, 30, 107, 6, 47, 12, 236, 234, 61, 41, 113, 113, 111, 0, 196, 133, 103, 30, 156, 123, 230, 11, 123, 124, 248, 40, 156, 123, 218, 246, 80, 125, 143, 244, 16, 101, 143, 255, 192, 135, 143, 255, 97, 19, 175, 251, 70, 217, 29, 249, 111, 0, 150, 240, 198, 229, 44, 242, 166, 59, 24, 149, 147, 111, 80, 155, 140, 5, 62, 235, 61, 6, 228, 245, 20, 12, 104, 252, 108, 224, 122, 247, 199, 67, 40, 150, 141, 20, 155, 151, 245, 102, 247, 229, 208, 96, 83, 232, 121, 95, 21, 250, 20, 80, 100, 195, 187, 71, 76, 185, 186, 19, 84, 247, 104, 59, 158, 160, 150, 59, 171, 160, 232, 59, 162, 155, 39, 60, 220, 155, 137, 100, 213, 159, 185, 100, 239, 163, 66, 11, 199, 234, 195, 11, 234, 234, 26, 16, 74, 235, 45, 17, 63, 235, 184, 12, 152, 244, 246, 15, 130, 246, 92, 18, 126, 243, 225, 66, 176, 161, 232, 66, 141, 156, 213, 67, 165, 156, 71, 24, 119, 160, 197, 28, 76, 160, 71, 29, 251, 155, 107, 6, 47, 12, 107, 6, 47, 12, 236, 234, 61, 41, 156, 123, 230, 11, 156, 123, 230, 11, 123, 124, 248, 40, 156, 123, 218, 246, 156, 123, 218, 246, 156, 123, 218, 246, 156, 123, 218, 246, 80, 125, 143, 244, 97, 19, 175, 251, 97, 19, 175, 251, 70, 217, 29, 249, 147, 111, 80, 155, 61, 6, 228, 245, 20, 12, 104, 252, 186, 19, 84, 247, 186, 19, 84, 247, 186, 19, 84, 247, 185, 100, 239, 163, 246, 15, 130, 246),
"format": 34896613399,
"index_count": 228,
"index_data": PackedByteArray(34, 0, 43, 0, 26, 0, 34, 0, 55, 0, 43, 0, 11, 0, 27, 0, 25, 0, 11, 0, 8, 0, 27, 0, 14, 0, 7, 0, 2, 0, 14, 0, 18, 0, 7, 0, 9, 0, 17, 0, 29, 0, 9, 0, 0, 0, 17, 0, 5, 0, 23, 0, 21, 0, 5, 0, 10, 0, 23, 0, 16, 0, 32, 0, 28, 0, 37, 0, 3, 0, 30, 0, 16, 0, 37, 0, 32, 0, 37, 0, 16, 0, 3, 0, 30, 0, 62, 0, 37, 0, 30, 0, 46, 0, 62, 0, 22, 0, 6, 0, 20, 0, 31, 0, 22, 0, 13, 0, 6, 0, 22, 0, 31, 0, 1, 0, 5, 0, 4, 0, 5, 0, 11, 0, 10, 0, 11, 0, 9, 0, 8, 0, 9, 0, 1, 0, 0, 0, 1, 0, 11, 0, 5, 0, 11, 0, 1, 0, 9, 0, 16, 0, 2, 0, 3, 0, 16, 0, 14, 0, 2, 0, 21, 0, 4, 0, 5, 0, 21, 0, 19, 0, 4, 0, 25, 0, 10, 0, 11, 0, 25, 0, 23, 0, 10, 0, 35, 0, 9, 0, 29, 0, 9, 0, 27, 0, 8, 0, 9, 0, 35, 0, 27, 0, 0, 0, 15, 0, 17, 0, 0, 0, 1, 0, 15, 0, 6, 0, 18, 0, 20, 0, 6, 0, 7, 0, 18, 0, 12, 0, 22, 0, 24, 0, 12, 0, 13, 0, 22, 0, 12, 0, 38, 0, 13, 0, 12, 0, 39, 0, 38, 0, 1, 0, 19, 0, 15, 0, 1, 0, 4, 0, 19, 0, 41, 0, 38, 0, 39, 0, 38, 0, 57, 0, 49, 0, 57, 0, 42, 0, 44, 0, 41, 0, 57, 0, 38, 0, 57, 0, 41, 0, 42, 0, 3, 0, 36, 0, 30, 0, 36, 0, 6, 0, 31, 0, 6, 0, 2, 0, 7, 0, 2, 0, 36, 0, 3, 0, 36, 0, 2, 0, 6, 0, 26, 0, 40, 0, 24, 0, 26, 0, 43, 0, 40, 0, 33, 0, 28, 0, 32, 0, 40, 0, 43, 0, 39, 0, 39, 0, 43, 0, 41, 0, 41, 0, 53, 0, 42, 0, 53, 0, 43, 0, 56, 0, 53, 0, 41, 0, 43, 0, 45, 0, 52, 0, 61, 0, 45, 0, 42, 0, 52, 0, 24, 0, 40, 0, 12, 0, 12, 0, 40, 0, 39, 0, 37, 0, 51, 0, 32, 0, 37, 0, 60, 0, 51, 0, 31, 0, 58, 0, 36, 0, 31, 0, 48, 0, 58, 0, 13, 0, 49, 0, 31, 0, 13, 0, 38, 0, 49, 0, 32, 0, 54, 0, 33, 0, 32, 0, 50, 0, 54, 0, 36, 0, 47, 0, 30, 0, 36, 0, 59, 0, 47, 0),
"lods": [1.10726, PackedByteArray(79, 0, 80, 0, 74, 0, 79, 0, 84, 0, 80, 0, 53, 0, 80, 0, 56, 0, 53, 0, 42, 0, 80, 0, 57, 0, 42, 0, 44, 0, 42, 0, 57, 0, 70, 0, 70, 0, 57, 0, 83, 0, 70, 0, 82, 0, 42, 0, 72, 0, 83, 0, 77, 0, 66, 0, 69, 0, 77, 0, 45, 0, 42, 0, 52, 0, 45, 0, 52, 0, 61, 0, 37, 0, 63, 0, 30, 0, 30, 0, 62, 0, 37, 0, 30, 0, 46, 0, 62, 0, 37, 0, 60, 0, 51, 0, 37, 0, 51, 0, 32, 0, 63, 0, 37, 0, 32, 0, 63, 0, 36, 0, 30, 0, 36, 0, 47, 0, 30, 0, 36, 0, 59, 0, 47, 0, 36, 0, 63, 0, 67, 0, 36, 0, 67, 0, 31, 0, 31, 0, 58, 0, 36, 0, 31, 0, 48, 0, 58, 0, 78, 0, 64, 0, 32, 0, 32, 0, 54, 0, 78, 0, 32, 0, 50, 0, 54, 0, 65, 0, 73, 0, 68, 0, 73, 0, 65, 0, 76, 0, 35, 0, 27, 0, 17, 0, 75, 0, 81, 0, 71, 0)],
"material": SubResource("StandardMaterial3D_53cd5"),
"name": "sleeping_bag",
"primitive": 3,
"uv_scale": Vector4(0, 0, 0, 0),
"vertex_count": 85,
"vertex_data": PackedByteArray(196, 21, 0, 0, 56, 238, 130, 200, 34, 11, 0, 0, 211, 218, 6, 202, 34, 11, 190, 193, 210, 218, 6, 219, 197, 21, 190, 193, 56, 238, 54, 210, 34, 11, 0, 0, 43, 37, 12, 209, 196, 21, 0, 0, 198, 17, 174, 222, 197, 21, 190, 193, 198, 17, 18, 225, 34, 11, 190, 193, 44, 37, 23, 224, 250, 249, 0, 0, 211, 218, 119, 222, 87, 239, 0, 0, 56, 238, 145, 212, 87, 239, 0, 0, 198, 17, 121, 224, 250, 249, 0, 0, 43, 37, 23, 227, 180, 253, 190, 193, 44, 37, 87, 246, 17, 243, 190, 193, 198, 17, 235, 231, 0, 0, 53, 98, 153, 236, 67, 246, 0, 0, 53, 98, 153, 236, 29, 174, 162, 10, 53, 98, 255, 255, 81, 219, 162, 10, 53, 98, 255, 255, 101, 165, 0, 0, 53, 98, 101, 19, 144, 250, 0, 0, 53, 98, 101, 19, 132, 211, 162, 10, 53, 98, 0, 0, 65, 248, 162, 10, 53, 98, 0, 0, 211, 239, 236, 244, 53, 98, 0, 0, 2, 242, 236, 244, 53, 98, 0, 0, 232, 249, 143, 255, 53, 98, 101, 19, 19, 217, 143, 255, 53, 98, 101, 19, 161, 253, 143, 255, 53, 98, 153, 236, 51, 172, 143, 255, 53, 98, 153, 236, 251, 238, 236, 244, 53, 98, 255, 255, 105, 160, 236, 244, 53, 98, 255, 255, 12, 231, 244, 153, 190, 193, 157, 130, 24, 220, 28, 156, 190, 193, 198, 17, 133, 231, 78, 240, 154, 105, 82, 244, 235, 197, 220, 249, 53, 98, 254, 246, 72, 172, 220, 249, 53, 98, 254, 246, 193, 145, 220, 249, 53, 98, 254, 246, 167, 240, 95, 155, 190, 193, 35, 114, 235, 224, 43, 148, 196, 153, 198, 218, 222, 214, 36, 241, 255, 255, 120, 38, 126, 228, 199, 251, 254, 255, 222, 57, 247, 214, 255, 255, 117, 160, 63, 20, 209, 7, 84, 196, 254, 255, 149, 86, 100, 202, 177, 185, 254, 255, 251, 105, 87, 212, 255, 255, 117, 160, 115, 237, 252, 175, 219, 159, 254, 255, 119, 131, 179, 221, 219, 159, 254, 255, 119, 131, 76, 220, 219, 159, 254, 255, 119, 131, 204, 217, 219, 159, 254, 255, 119, 131, 211, 221, 3, 162, 255, 255, 120, 38, 118, 227, 3, 162, 255, 255, 120, 38, 135, 224, 190, 240, 218, 167, 166, 234, 248, 198, 190, 240, 218, 167, 166, 234, 61, 200, 190, 240, 218, 167, 166, 234, 236, 200, 190, 240, 218, 167, 166, 234, 246, 199, 75, 250, 117, 160, 82, 237, 118, 194, 75, 250, 117, 160, 82, 237, 122, 168, 75, 250, 117, 160, 82, 237, 22, 171, 69, 161, 254, 255, 253, 114, 16, 223, 69, 161, 254, 255, 253, 114, 158, 226, 69, 161, 254, 255, 253, 114, 82, 222, 17, 154, 5, 216, 26, 209, 222, 223, 17, 154, 5, 216, 26, 209, 26, 211, 17, 154, 5, 216, 26, 209, 6, 209, 162, 10, 53, 98, 255, 255, 113, 229, 162, 10, 53, 98, 255, 255, 209, 217, 162, 10, 53, 98, 255, 255, 255, 196, 162, 10, 53, 98, 0, 0, 241, 249, 162, 10, 53, 98, 0, 0, 89, 215, 162, 10, 53, 98, 0, 0, 121, 230, 236, 244, 53, 98, 0, 0, 7, 249, 236, 244, 53, 98, 0, 0, 191, 239, 236, 244, 53, 98, 0, 0, 1, 222, 236, 244, 53, 98, 0, 0, 80, 243, 236, 244, 53, 98, 0, 0, 226, 206, 143, 255, 53, 98, 153, 236, 250, 165, 143, 255, 53, 98, 153, 236, 184, 178, 143, 255, 53, 98, 153, 236, 104, 225, 28, 156, 190, 193, 198, 17, 244, 235, 220, 249, 53, 98, 254, 246, 158, 175, 220, 249, 53, 98, 254, 246, 58, 150, 255, 255, 117, 160, 115, 237, 111, 174, 255, 255, 117, 160, 115, 237, 232, 176, 255, 255, 117, 160, 115, 237, 174, 190, 3, 162, 255, 255, 120, 38, 211, 224, 75, 250, 117, 160, 82, 237, 74, 156, 129, 38, 238, 219, 89, 51, 62, 220, 150, 224, 152, 45, 163, 218, 173, 40, 22, 55, 170, 216, 225, 51, 166, 210, 189, 210, 13, 50, 50, 221, 153, 49, 78, 26, 0, 208, 214, 33, 173, 221, 205, 41, 102, 201, 79, 29, 54, 202, 112, 203, 71, 43, 69, 187, 132, 30, 183, 249, 149, 209, 133, 161, 223, 242, 212, 248, 219, 229, 215, 218, 73, 231, 223, 54, 205, 137, 192, 113, 152, 232, 214, 53, 58, 165, 33, 91, 174, 210, 85, 152, 22, 30, 162, 201, 153, 87, 141, 138, 210, 23, 56, 201, 63, 113, 42, 108, 233, 39, 11, 5, 3, 210, 140, 209, 202, 12, 49, 18, 3, 14, 171, 225, 111, 50, 242, 204, 95, 44, 3, 224, 104, 37, 206, 28, 68, 21, 148, 114, 14, 19, 95, 1, 64, 23, 6, 223, 227, 47, 223, 223, 24, 37, 96, 197, 47, 29, 118, 204, 213, 35, 219, 192, 238, 32, 1, 218, 118, 53, 238, 212, 168, 40, 253, 188, 42, 35, 253, 223, 205, 48, 255, 224, 59, 50, 228, 226, 232, 52, 231, 223, 173, 48, 140, 217, 118, 47, 243, 219, 221, 50, 175, 222, 192, 38, 65, 222, 159, 37, 7, 222, 8, 37, 89, 222, 222, 37, 124, 219, 180, 33, 96, 236, 116, 99, 191, 229, 166, 73, 173, 223, 13, 49, 50, 221, 155, 45, 56, 224, 206, 49, 24, 224, 19, 36, 29, 230, 112, 45, 64, 231, 53, 47, 121, 252, 209, 31, 160, 246, 216, 23, 228, 11, 241, 183, 237, 209, 189, 72, 135, 247, 220, 122, 72, 88, 44, 191, 220, 162, 36, 18, 110, 157, 47, 36, 111, 166, 249, 59, 171, 174, 187, 30, 239, 19, 40, 132, 241, 136, 98, 16, 25, 130, 88, 10, 158, 35, 207, 224, 193, 195, 77, 35, 125, 243, 4, 36, 254, 168, 22, 35, 90, 198, 180, 40, 11, 158, 118, 14, 96, 210, 249, 49, 203, 212, 32, 46, 132, 212, 8, 78)
}]
blend_shape_mode = 0
shadow_mesh = SubResource("ArrayMesh_k22sp")

[node name="Node3D" type="Node3D"]

[node name="WorldEnvironment" type="WorldEnvironment" parent="."]
environment = SubResource("Environment_odrh6")

[node name="UI" type="CanvasLayer" parent="."]
script = ExtResource("1_37ngr")

[node name="InventoryInterface" type="Control" parent="UI"]
layout_mode = 3
anchors_preset = 8
anchor_left = 0.5
anchor_top = 0.5
anchor_right = 0.5
anchor_bottom = 0.5
grow_horizontal = 2
grow_vertical = 2
scale = Vector2(2, 2)
size_flags_horizontal = 4
size_flags_vertical = 8
script = ExtResource("14_sjerb")

[node name="PlayerInventory" parent="UI/InventoryInterface" instance=ExtResource("14_6ctuc")]
layout_mode = 1
anchors_preset = 8
anchor_left = 0.5
anchor_top = 0.5
anchor_right = 0.5
anchor_bottom = 0.5
offset_left = -176.0
offset_top = -74.0
offset_right = 176.0
offset_bottom = 74.0
grow_horizontal = 2
grow_vertical = 2

[node name="Crafting" parent="UI" node_paths=PackedStringArray("player") instance=ExtResource("4_im4ls")]
anchors_preset = 8
anchor_left = 0.5
anchor_top = 0.5
anchor_right = 0.5
anchor_bottom = 0.5
offset_left = -163.5
offset_top = -90.0
offset_right = 163.5
offset_bottom = 90.0
player = NodePath("../../Player")

[node name="Map" type="Node3D" parent="."]

[node name="Trees" type="Node3D" parent="Map"]

[node name="Tree4" parent="Map/Trees" instance=ExtResource("8_qksp1")]
transform = Transform3D(1, 0, 0, 0, 1, 0, 0, 0, 1, 8.521, 2.08165e-12, -16.939)

[node name="Tree5" parent="Map/Trees" instance=ExtResource("8_qksp1")]
transform = Transform3D(1, 0, 0, 0, 1, 0, 0, 0, 1, -10.053, 2.08165e-12, -13.014)

[node name="Tree3" parent="Map/Trees" instance=ExtResource("8_qksp1")]
transform = Transform3D(1, 0, 0, 0, 1, 0, 0, 0, 1, 8.414, 2.08165e-12, -27.571)

[node name="Tree2" parent="Map/Trees" instance=ExtResource("8_qksp1")]
transform = Transform3D(1, 0, 0, 0, 1, 0, 0, 0, 1, -6.724, 2.08165e-12, -17.406)

[node name="Tree" parent="Map/Trees" instance=ExtResource("8_qksp1")]
transform = Transform3D(1, 0, 0, 0, 1, 0, 0, 0, 1, -18.467, 2.08165e-12, -10.166)

[node name="Tree6" parent="Map/Trees" instance=ExtResource("8_qksp1")]
transform = Transform3D(1, 0, 0, 0, 1, 0, 0, 0, 1, 8.521, 2.08165e-12, 28.7539)

[node name="Tree7" parent="Map/Trees" instance=ExtResource("8_qksp1")]
transform = Transform3D(1, 0, 0, 0, 1, 0, 0, 0, 1, -10.053, 2.08165e-12, 32.6789)

[node name="Tree8" parent="Map/Trees" instance=ExtResource("8_qksp1")]
transform = Transform3D(1, 0, 0, 0, 1, 0, 0, 0, 1, 8.414, 2.08165e-12, 18.1219)

[node name="Tree9" parent="Map/Trees" instance=ExtResource("8_qksp1")]
transform = Transform3D(1, 0, 0, 0, 1, 0, 0, 0, 1, -6.724, 2.08165e-12, 28.2869)

[node name="Tree10" parent="Map/Trees" instance=ExtResource("8_qksp1")]
transform = Transform3D(1, 0, 0, 0, 1, 0, 0, 0, 1, -18.467, 2.08165e-12, 35.5269)

[node name="Tree11" parent="Map/Trees" instance=ExtResource("8_qksp1")]
transform = Transform3D(0.685615, 0, 0.727964, 0, 1, 0, -0.727964, 0, 0.685615, 34.4857, 2.08165e-12, -8.73324)

[node name="Tree12" parent="Map/Trees" instance=ExtResource("8_qksp1")]
transform = Transform3D(0.685615, 0, 0.727964, 0, 1, 0, -0.727964, 0, 0.685615, 24.6083, 2.08165e-12, 7.47901)

[node name="Tree13" parent="Map/Trees" instance=ExtResource("8_qksp1")]
transform = Transform3D(0.685615, 0, 0.727964, 0, 1, 0, -0.727964, 0, 0.685615, 26.6726, 2.08165e-12, -15.9448)

[node name="Tree14" parent="Map/Trees" instance=ExtResource("8_qksp1")]
transform = Transform3D(0.685615, 0, 0.727964, 0, 1, 0, -0.727964, 0, 0.685615, 23.6935, 2.08165e-12, 2.0444)

[node name="Tree15" parent="Map/Trees" instance=ExtResource("8_qksp1")]
transform = Transform3D(0.685615, 0, 0.727964, 0, 1, 0, -0.727964, 0, 0.685615, 20.9128, 2.08165e-12, 15.5567)

[node name="Tree16" parent="Map/Trees" instance=ExtResource("8_qksp1")]
transform = Transform3D(0.442414, 0, -0.896811, 0, 1, 0, 0.896811, 0, 0.442414, -27.0524, 2.08165e-12, 15.7592)

[node name="Tree17" parent="Map/Trees" instance=ExtResource("8_qksp1")]
transform = Transform3D(0.442414, 0, -0.896811, 0, 1, 0, 0.896811, 0, 0.442414, -38.7898, 2.08165e-12, 0.838326)

[node name="Tree18" parent="Map/Trees" instance=ExtResource("8_qksp1")]
transform = Transform3D(0.442414, 0, -0.896811, 0, 1, 0, 0.896811, 0, 0.442414, -17.5649, 2.08165e-12, 10.9595)

[node name="Tree19" parent="Map/Trees" instance=ExtResource("8_qksp1")]
transform = Transform3D(0.442414, 0, -0.896811, 0, 1, 0, 0.896811, 0, 0.442414, -33.3782, 2.08165e-12, 1.88073)

[node name="Tree20" parent="Map/Trees" instance=ExtResource("8_qksp1")]
transform = Transform3D(0.442414, 0, -0.896811, 0, 1, 0, 0.896811, 0, 0.442414, -45.0664, 2.08165e-12, -5.44745)

[node name="Tree21" parent="Map/Trees" instance=ExtResource("8_qksp1")]
transform = Transform3D(1, 0, 0, 0, 1, 0, 0, 0, 1, 8.71091, 2.08165e-12, 41.1607)

[node name="Tree22" parent="Map/Trees" instance=ExtResource("8_qksp1")]
transform = Transform3D(1, 0, 0, 0, 1, 0, 0, 0, 1, -3.03209, 2.08165e-12, 48.4007)

[node name="Tree23" parent="Map/Trees" instance=ExtResource("8_qksp1")]
transform = Transform3D(0.685615, 0, 0.727964, 0, 1, 0, -0.727964, 0, 0.685615, 49.9206, 2.08165e-12, 4.14061)

[node name="Tree24" parent="Map/Trees" instance=ExtResource("8_qksp1")]
transform = Transform3D(0.685615, 0, 0.727964, 0, 1, 0, -0.727964, 0, 0.685615, 40.0432, 2.08165e-12, 20.3529)

[node name="Tree25" parent="Map/Trees" instance=ExtResource("8_qksp1")]
transform = Transform3D(0.685615, 0, 0.727964, 0, 1, 0, -0.727964, 0, 0.685615, 42.1075, 2.08165e-12, -3.07096)

[node name="Tree26" parent="Map/Trees" instance=ExtResource("8_qksp1")]
transform = Transform3D(0.685615, 0, 0.727964, 0, 1, 0, -0.727964, 0, 0.685615, 39.1284, 2.08165e-12, 14.9182)

[node name="Tree27" parent="Map/Trees" instance=ExtResource("8_qksp1")]
transform = Transform3D(0.685615, 0, 0.727964, 0, 1, 0, -0.727964, 0, 0.685615, 36.3477, 2.08165e-12, 28.4306)

[node name="Tree28" parent="Map/Trees" instance=ExtResource("8_qksp1")]
transform = Transform3D(-0.0334866, 0, -0.999439, 0, 1, 0, 0.999439, 0, -0.0334866, -79.8013, 2.08165e-12, -13.2041)

[node name="Tree29" parent="Map/Trees" instance=ExtResource("8_qksp1")]
transform = Transform3D(-0.0334866, 0, -0.999439, 0, 1, 0, 0.999439, 0, -0.0334866, -86.644, 2.08165e-12, -25.183)

[node name="Tree30" parent="Map/Trees" instance=ExtResource("8_qksp1")]
transform = Transform3D(0.704597, 0, -0.709608, 0, 1, 0, 0.709608, 0, 0.704597, -44.1819, 2.08165e-12, 29.2221)

[node name="Tree31" parent="Map/Trees" instance=ExtResource("8_qksp1")]
transform = Transform3D(0.704597, 0, -0.709608, 0, 1, 0, 0.709608, 0, 0.704597, -60.0543, 2.08165e-12, 18.8074)

[node name="Tree32" parent="Map/Trees" instance=ExtResource("8_qksp1")]
transform = Transform3D(0.704597, 0, -0.709608, 0, 1, 0, 0.709608, 0, 0.704597, -36.7128, 2.08165e-12, 21.6549)

[node name="Tree33" parent="Map/Trees" instance=ExtResource("8_qksp1")]
transform = Transform3D(0.704597, 0, -0.709608, 0, 1, 0, 0.709608, 0, 0.704597, -54.5921, 2.08165e-12, 18.0751)

[node name="Tree34" parent="Map/Trees" instance=ExtResource("8_qksp1")]
transform = Transform3D(0.704597, 0, -0.709608, 0, 1, 0, 0.709608, 0, 0.704597, -68.0038, 2.08165e-12, 14.8435)

[node name="Tree35" parent="Map/Trees" instance=ExtResource("8_qksp1")]
transform = Transform3D(-0.484459, 0, 0.874814, 0, 1, 0, -0.874814, 0, -0.484459, 32.7305, 2.08165e-12, -36.7308)

[node name="Tree36" parent="Map/Trees" instance=ExtResource("8_qksp1")]
transform = Transform3D(-0.484459, 0, 0.874814, 0, 1, 0, -0.874814, 0, -0.484459, 44.7532, 2.08165e-12, -29.9653)

[node name="Tree37" parent="Map/Trees" instance=ExtResource("8_qksp1")]
transform = Transform3D(-0.968986, 0, 0.247117, 0, 1, 0, -0.247117, 0, -0.968986, -19.6196, 2.08165e-12, -54.8469)

[node name="Tree38" parent="Map/Trees" instance=ExtResource("8_qksp1")]
transform = Transform3D(-0.968986, 0, 0.247117, 0, 1, 0, -0.247117, 0, -0.968986, -0.651716, 2.08165e-12, -54.0602)

[node name="Tree39" parent="Map/Trees" instance=ExtResource("8_qksp1")]
transform = Transform3D(-0.968986, 0, 0.247117, 0, 1, 0, -0.247117, 0, -0.968986, -22.1433, 2.08165e-12, -44.5182)

[node name="Tree40" parent="Map/Trees" instance=ExtResource("8_qksp1")]
transform = Transform3D(-0.968986, 0, 0.247117, 0, 1, 0, -0.247117, 0, -0.968986, -4.96281, 2.08165e-12, -50.627)

[node name="Tree41" parent="Map/Trees" instance=ExtResource("8_qksp1")]
transform = Transform3D(-0.968986, 0, 0.247117, 0, 1, 0, -0.247117, 0, -0.968986, 8.20512, 2.08165e-12, -54.7406)

[node name="Tree42" parent="Map/Trees" instance=ExtResource("8_qksp1")]
transform = Transform3D(-0.986819, 0, 0.161828, 0, 1, 0, -0.161828, 0, -0.986819, -15.6439, 2.08165e-12, -76.0422)

[node name="Tree43" parent="Map/Trees" instance=ExtResource("8_qksp1")]
transform = Transform3D(-0.986819, 0, 0.161828, 0, 1, 0, -0.161828, 0, -0.986819, -2.88402, 2.08165e-12, -81.2864)

[node name="Tree44" parent="Map/Trees" instance=ExtResource("8_qksp1")]
transform = Transform3D(-0.794383, 0, -0.607417, 0, 1, 0, 0.607417, 0, -0.794383, -62.3012, 2.08165e-12, -46.1789)

[node name="Tree45" parent="Map/Trees" instance=ExtResource("8_qksp1")]
transform = Transform3D(-0.794383, 0, -0.607417, 0, 1, 0, 0.607417, 0, -0.794383, -49.9305, 2.08165e-12, -60.5791)

[node name="Tree46" parent="Map/Trees" instance=ExtResource("8_qksp1")]
transform = Transform3D(-0.794383, 0, -0.607417, 0, 1, 0, 0.607417, 0, -0.794383, -55.7582, 2.08165e-12, -37.7981)

[node name="Tree47" parent="Map/Trees" instance=ExtResource("8_qksp1")]
transform = Transform3D(-0.794383, 0, -0.607417, 0, 1, 0, 0.607417, 0, -0.794383, -49.9072, 2.08165e-12, -55.0681)

[node name="Tree48" parent="Map/Trees" instance=ExtResource("8_qksp1")]
transform = Transform3D(-0.794383, 0, -0.607417, 0, 1, 0, 0.607417, 0, -0.794383, -44.9765, 2.08165e-12, -67.9523)

[node name="Tree50" parent="Map/Trees" instance=ExtResource("8_qksp1")]
transform = Transform3D(-0.794383, 0, -0.607417, 0, 1, 0, 0.607417, 0, -0.794383, -37.7859, -2.01037, -67.9523)

[node name="Tree49" parent="Map/Trees" instance=ExtResource("8_qksp1")]
transform = Transform3D(0.704597, 0, -0.709608, 0, 1, 0, 0.709608, 0, 0.704597, -60.0543, -4.52036, 44.6408)

[node name="Floor" type="Node3D" parent="Map"]
transform = Transform3D(1, 0, 0, 0, 1, 0, 0, 0, 1, 2.08165e-12, -1, 2.08165e-12)
script = ExtResource("18_fevhn")
centered = true
_terrain_data = ExtResource("19_c4d8q")
chunk_size = 32
collision_enabled = true
collision_layer = 1
collision_mask = 1
shader_type = "Classic4Lite"
custom_shader = null
custom_globalmap_shader = null
texture_set = SubResource("Resource_w1k8t")
render_layers = 1
cast_shadow = 1
shader_params/u_ground_uv_scale = 20
shader_params/u_depth_blending = true
shader_params/u_triplanar = null
shader_params/u_tile_reduction = null

[node name="Player" parent="." instance=ExtResource("5_ns258")]
floor_max_angle = 1.0472
DefaultRightHandSlot = ExtResource("7_fa15g")
Inventory = SubResource("Resource_t4a26")

[node name="sleeping_bag" type="MeshInstance3D" parent="."]
transform = Transform3D(3.31632e-08, 0, 0.185462, 0, 0.185462, 0, -0.185462, 0, 3.31632e-08, -6.98341, -0.66669, 0.016)
mesh = SubResource("ArrayMesh_vhjv3")
skeleton = NodePath("")

[node name="Tent" parent="." instance=ExtResource("12_7kmaf")]
transform = Transform3D(1, 0, 0, 0, 1, 0, 0, 0, 1, -3.17923, -0.499999, 7.45027)

[node name="Plant1" parent="." instance=ExtResource("13_b81va")]
transform = Transform3D(1, 0, 0, 0, 1, 0, 0, 0, 1, 0.785282, -0.5, 9.06431)

[node name="Plant2" parent="." instance=ExtResource("13_b81va")]
transform = Transform3D(1, 0, 0, 0, 1, 0, 0, 0, 1, 2.47813, -0.5, 9.31841)

[node name="Plant3" parent="." instance=ExtResource("14_g62n7")]
transform = Transform3D(1, 0, 0, 0, 1, 0, 0, 0, 1, 2.42162, -0.5, 7.14785)

[node name="Plant4" parent="." instance=ExtResource("14_g62n7")]
transform = Transform3D(1, 0, 0, 0, 1, 0, 0, 0, 1, 1.16141, -0.5, 7.12656)

[node name="Plant5" parent="." instance=ExtResource("17_iln2c")]
transform = Transform3D(1, 0, 0, 0, 1, 0, 0, 0, 1, 1.84975, -0.500001, 4.1211)
